n	xn
-18.8496	-7.79634e-17
-18.4569	-0.0414679
-18.0642	-0.0782884
-17.6715	-0.104562
-17.2788	-0.115749
-16.8861	-0.109425
-16.4934	-0.0857444
-16.1007	-0.0475364
-15.708	7.79634e-17
-15.3153	0.0499741
-14.9226	0.0947701
-14.5299	0.12717
-14.1372	0.141471
-13.7445	0.134437
-13.3518	0.10592
-12.9591	0.0590603
-12.5664	-7.79634e-17
-12.1737	-0.0628707
-11.781	-0.120042
-11.3883	-0.162251
-10.9956	-0.181891
-10.6029	-0.17427
-10.2102	-0.13851
-9.81748	-0.0779596
-9.42478	7.79634e-17
-9.03208	0.0847387
-8.63938	0.163694
-8.24668	0.224061
-7.85398	0.254648
-7.46128	0.247646
-7.06858	0.20007
-6.67588	0.114647
-6.28319	-7.79634e-17
-5.89049	-0.129933
-5.49779	-0.257233
-5.10509	-0.361945
-4.71239	-0.424413
-4.31969	-0.427753
-3.92699	-0.360127
-3.53429	-0.216555
-3.14159	7.79634e-17
-2.74889	0.278427
-2.35619	0.600211
-1.9635	0.941056
-1.5708	1.27324
-1.1781	1.56843
-0.785398	1.80063
-0.392699	1.94899
0	2
0.392699	1.94899
0.785398	1.80063
1.1781	1.56843
1.5708	1.27324
1.9635	0.941056
2.35619	0.600211
2.74889	0.278427
3.14159	7.79634e-17
3.53429	-0.216555
3.92699	-0.360127
4.31969	-0.427753
4.71239	-0.424413
5.10509	-0.361945
5.49779	-0.257233
5.89049	-0.129933
6.28319	-7.79634e-17
6.67588	0.114647
7.06858	0.20007
7.46128	0.247646
7.85398	0.254648
8.24668	0.224061
8.63938	0.163694
9.03208	0.0847387
9.42478	7.79634e-17
9.81748	-0.0779596
10.2102	-0.13851
10.6029	-0.17427
10.9956	-0.181891
11.3883	-0.162251
11.781	-0.120042
12.1737	-0.0628707
12.5664	-7.79634e-17
12.9591	0.0590603
13.3518	0.10592
13.7445	0.134437
14.1372	0.141471
14.5299	0.12717
14.9226	0.0947701
15.3153	0.0499741
15.708	7.79634e-17
16.1007	-0.0475364
16.4934	-0.0857444
16.8861	-0.109425
17.2788	-0.115749
17.6715	-0.104562
18.0642	-0.0782884
18.4569	-0.0414679
18.8496	-7.79634e-17
